1110947
1071881
3037855
3534888
4008136
4165430
844598
1014039
1042282
1065673
1101759
1127192
1141084
1150989
920868
1139402
1165533
4341793
3423208
3423333
3120686
3127193
3245883
3202758
1505189
1514220
1515011
1513848
1513473
1514815
1518756
1555835
1556546
1555619
1553321
1555837
1536812
1541902
1536360
1541013
1538613
1535394
1532811
1554096
1538658
1535720
1537606
1536769
1555637
1540835
1538563
1537255
1557150
1536386
1524821
1520417
1523959
1527624
1533042
1536551
1555694
1532763
1528299
1529841
1528177
1513848
1527613
1528592
1530185
1533048
1527641
1525068
1527682
1510197
1509186
1513350
1508026
1503924
1507901
1504200
1503844
1506536
1497703
1139402
1160987
1264449
1280240
764720
739386
740965
1365591
1178293
1206782
1095642
1214555
857126