1015143
1028343
1028343
1036280
1042868
1043404
1043404
1050737
1074337
1085593
1088184
1101931
1110947
1119209
1162084
1174305
1197916
1197916
1197916
1197916
1200179
1205614
1226184
1228132
1234771
1249328
1261799
1277828
1278834
1288053
1288053
1288053
1311003
1311003
1311003
1311005
1311005
1311005
1317994
1343633
1352453
1353114
1361152
1399049
1399049
1421342
1424799
1425988
1425988
1425988
1433031
1433031
1465458
1465458
1499270
1499270
1520835
1520835
1528143
1530098
1555187
1555187
1555187
1569417
1586452
1625020
1637698
1637727
1648553
1656317
1666570
1666570
1666570
1666570
1683292
1700423
1704358
1707693
1709912
1709912
1709912
1713086
1754253
1763429
1773451
1773616
1774144
1774144
1821096
1821096
1837582
1837748
1837748
1851398
1851398
1853632
1853632
1898001
1898023
1926102
1926102
1929022
1938070
1938070
1948085
1948085
1948085
1952605
1955351
1956083
1956083
1973430
1973430
1973430
2092512
2092512
2183179
2211502
2211502
2223940
2227960
2255562
2258231
2258231
2278247
2280465
2288831
2288831
2288831
2351692
2351705
2367020
2382903
2385000
2385000
2385000
2386297
2389932
2400557
2400557
2404260
2422524
2422524
2430778
2430778
2430778
2444266
2449641
2449641
2457158
2457158
2463741
2486345
2486345
2498047
2503879
2513512
2513512
2513512
2526023
2529273
2529273
2537990
2552104
2552104
2578110
2589532
2592579
2623439
2629560
2629560
2643836
2643836
2643836
2643836
2643836
2654198
2690148
2709112
2751317
2751830
2751830
2753963
2753963
2763672
2767346
2767346
2767346
2767346
2769396
2772071
2787433
2802683
2802683
2802683
2803776
2806478
2870722
2874432
2874432
2874760
2878305
2878305
2878318
2903593
2903593
2903593
2903593
2905306
2905306
2924437
2927569
2939467
2939467
2943144
2981856
2981856
2999719
3018196
3020415
3042346
3053290
3053290
3067877
3067877
3070096
3077159
3077159
3077159
3079302
3080747
3089930
3095845
3100741
3101826
3101826
3101826
3104588
3105137
3107617
3110866
3110866
3111000
3111000
3112420
3115213
3115213
3122831
3122831
3122831
3124590
3129809
3131345
3131345
3132445
3132445
3132445
3136504
3142369
3145621
3145621
3147474
3147474
3153981
3155539
3157428
3157890
3157890
3179651
3184504
3184536
3184536
3184536
3193510
3193510
3193510
3193510
3200249
3202787
3202787
3202787
3219349
3219349
3219349
3222582
3245883
3251751
3260885
3263984
3264420
3281884
3284279
3292343
3312668
3312668
3312668
3340997
3443290
3581881
3657205
3680908
3695183
3695183
3702933
3707558
3709901
3709901
3724809
3729075
3729075
3732066
3737653
3738478
3766973
3766973
3766973
3796116
3798296
3798296
3828692
3840524
3861410
3861410
3929981
3929981
3935912
3964935
3972045
3972045
3972175
3972175
3973082
3973082
3981354
3990488
3991760
3991760
4012848
4025269
4025269
4028824
4036482
4041599
4041599
4076594
4077630
4079733
4079733
4094714
4099005
4106665
4106665
4106665
4106665
4108898
4108898
4159457
4159457
4159520
4159520
4162241
4162750
4162750
4162750
4162760
4165374
4165374
4176437
4203531
4203531
4227856
4300592
4300592
4310097
4352001
4352001
4362740
4401493
4401493
4404930
4404930
4409072
4413605
4416730
4434335
4434335
4445826
4448486
4448486
4480519
4480519
4485731
4490288
4490900
4490900
4496728
4499466
4516320
4516320
4516320
3973082
4517134
4517134
4519645
4522855
4536555
4537071
4542631
4544448
4544520
4547779
4547779
4547860
4549995
4549995
4551860
4552052
4561288
4561288
4563890
4564617
4564617
4564617
4567902
4573889
4575585
4577048
4577048
4578142
4578142
4606136
4606136
4619558
4622248
4622248
4626091
4669259
4669259
4669259
4670652
4670652
4677103
4678003
510090
510090
513212
627568
668848
745325
745325
771536
771536
780880
780880
785150
785160
785160
821543
842696
842696
852917
852929
859146
859153
859153
859162
864591
864663
864663
869946
880652
882059
888449
913459
985777
1704575
1704575
2407146
2576680
2954315
4189253
4210442
4625692
4630656
4630656
745330
1007370
1034814
1115273
1115273
1159501
1159625
1181981
1184708
1201807
1212365
1213088
1267823
1267841
1301428
1301444
1410419
1517990
1521485
1548701
1548701
1551578
1737073
1781883
2092512
2092512
2092512
2092512
2243879
2243879
2243879
2245283
2512092
2600767
2731208
3119265
3148227
3188900
3188900
3609377
3619791
4161355
4161355
4265293
4395413
4485731
4525560
4525560
4553709
4553709
4577483
4595189
4601201
4601201
4602434
4602434
4615888
4615888
4630124
2217427
4555882
